// --- CONFIGURACION ---
NODOS 50
HUBS 5
PAQUETES 30
CAPACIDAD_CAMION 8
DEPOSITO_ID 0

// --- NODOS (ID X Y) ---
0 289 814 // Deposito
1 164 438 // Hub
2 318 502 // Hub
3 247 127 // Hub
4 379 850 // Hub
5 526 348 // Hub
6 320 908 // Entrega
7 981 951 // Entrega
8 359 870 // Entrega
9 114 994 // Entrega
10 99 508 // Entrega
11 229 26 // Entrega
12 926 289 // Entrega
13 821 7 // Entrega
14 64 254 // Entrega
15 132 594 // Entrega
16 470 194 // Entrega
17 131 242 // Entrega
18 586 825 // Entrega
19 987 303 // Entrega
20 672 351 // Entrega
21 160 881 // Entrega
22 617 193 // Entrega
23 171 501 // Entrega
24 856 237 // Entrega
25 264 209 // Entrega
26 168 283 // Entrega
27 795 35 // Entrega
28 363 670 // Entrega
29 152 886 // Entrega
30 81 583 // Entrega
31 516 614 // Entrega
32 937 620 // Entrega
33 156 103 // Entrega
34 928 754 // Entrega
35 130 529 // Entrega
36 832 218 // Entrega
37 989 534 // Entrega
38 449 588 // Entrega
39 418 290 // Entrega
40 873 646 // Entrega
41 671 105 // Entrega
42 506 45 // Entrega
43 132 128 // Entrega
44 836 307 // Entrega
45 368 486 // Entrega
46 514 977 // Entrega
47 955 612 // Entrega
48 424 52 // Entrega
49 610 947 // Entrega

// --- HUBS (ID COSTO_ACTIVACION) ---
1 213,00
2 374,00
3 385,00
4 141,00
5 362,00

// --- PAQUETES (ID NODO_ORIGEN NODO_DESTINO) ---
0 0 26
1 0 26
2 0 40
3 0 22
4 0 26
5 0 24
6 0 36
7 0 29
8 0 25
9 0 28
10 0 32
11 0 19
12 0 35
13 0 20
14 0 28
15 0 42
16 0 13
17 0 11
18 0 26
19 0 13
20 0 8
21 0 13
22 0 37
23 0 43
24 0 35
25 0 13
26 0 37
27 0 30
28 0 20
29 0 14

// --- ARISTAS (NODO1 NODO2 PESO) ---
0 1 396,23
1 2 166,77
2 3 381,66
3 4 734,95
4 5 523,08
5 6 596,69
6 7 662,40
7 8 627,25
8 9 274,59
9 10 486,23
10 11 499,22
11 12 744,97
12 13 300,91
13 14 796,28
14 15 346,73
15 16 523,68
16 17 342,38
17 18 739,54
18 19 658,24
19 20 318,64
20 21 736,92
21 22 825,95
22 23 542,01
23 24 734,11
24 25 592,66
25 26 121,21
26 27 674,26
27 28 768,02
28 29 301,96
29 30 311,21
30 31 436,10
31 32 421,04
32 33 936,62
33 34 1009,84
34 35 829,11
35 36 767,81
36 37 352,85
37 38 542,69
38 39 299,61
39 40 577,72
40 41 577,48
41 42 175,57
42 43 383,10
43 44 726,40
44 45 501,06
45 46 512,25
46 47 572,46
47 48 771,73
48 49 914,12
45 29 454,59
45 43 428,79
7 34 204,00
25 47 799,93
17 31 535,36
2 19 697,97
44 49 678,73
16 43 344,38
22 8 724,49
48 21 870,02
12 34 465,00
16 30 550,13
25 20 432,00
9 17 752,19
42 45 462,09
2 25 297,93
45 5 209,78
14 32 946,62
31 43 619,40
15 33 491,59
