// --- CONFIGURACION ---
NODOS 100
HUBS 8
PAQUETES 40
CAPACIDAD_CAMION 8
DEPOSITO_ID 0

// --- NODOS (ID X Y) ---
0 559 846 // Deposito
1 733 492 // Hub
2 920 472 // Hub
3 371 394 // Hub
4 629 3 // Hub
5 298 11 // Hub
6 339 665 // Hub
7 68 691 // Hub
8 441 283 // Hub
9 648 282 // Entrega
10 466 731 // Entrega
11 258 557 // Entrega
12 152 549 // Entrega
13 408 611 // Entrega
14 72 367 // Entrega
15 986 169 // Entrega
16 99 488 // Entrega
17 589 636 // Entrega
18 949 589 // Entrega
19 467 217 // Entrega
20 729 873 // Entrega
21 864 841 // Entrega
22 325 75 // Entrega
23 41 203 // Entrega
24 387 668 // Entrega
25 76 928 // Entrega
26 568 576 // Entrega
27 733 549 // Entrega
28 723 701 // Entrega
29 44 393 // Entrega
30 621 359 // Entrega
31 121 40 // Entrega
32 413 253 // Entrega
33 313 66 // Entrega
34 799 91 // Entrega
35 543 642 // Entrega
36 806 825 // Entrega
37 108 157 // Entrega
38 511 340 // Entrega
39 580 395 // Entrega
40 529 849 // Entrega
41 540 178 // Entrega
42 461 907 // Entrega
43 550 238 // Entrega
44 567 659 // Entrega
45 589 758 // Entrega
46 0 14 // Entrega
47 135 110 // Entrega
48 63 714 // Entrega
49 451 162 // Entrega
50 796 68 // Entrega
51 98 725 // Entrega
52 996 181 // Entrega
53 539 785 // Entrega
54 89 679 // Entrega
55 180 965 // Entrega
56 56 699 // Entrega
57 23 252 // Entrega
58 988 370 // Entrega
59 259 337 // Entrega
60 408 988 // Entrega
61 173 221 // Entrega
62 164 189 // Entrega
63 51 608 // Entrega
64 229 527 // Entrega
65 151 559 // Entrega
66 244 153 // Entrega
67 534 445 // Entrega
68 543 743 // Entrega
69 212 583 // Entrega
70 157 889 // Entrega
71 515 363 // Entrega
72 10 873 // Entrega
73 86 803 // Entrega
74 633 90 // Entrega
75 658 923 // Entrega
76 180 332 // Entrega
77 292 732 // Entrega
78 406 534 // Entrega
79 327 257 // Entrega
80 883 762 // Entrega
81 997 820 // Entrega
82 39 451 // Entrega
83 652 313 // Entrega
84 610 984 // Entrega
85 85 863 // Entrega
86 316 287 // Entrega
87 148 757 // Entrega
88 606 840 // Entrega
89 305 510 // Entrega
90 669 782 // Entrega
91 415 196 // Entrega
92 76 361 // Entrega
93 89 670 // Entrega
94 617 835 // Entrega
95 485 21 // Entrega
96 628 143 // Entrega
97 321 601 // Entrega
98 644 974 // Entrega
99 252 411 // Entrega

// --- HUBS (ID COSTO_ACTIVACION) ---
1 462.00
2 407.00
3 480.00
4 227.00
5 334.00
6 483.00
7 102.00
8 338.00

// --- PAQUETES (ID NODO_ORIGEN NODO_DESTINO) ---
0 0 87
1 0 21
2 0 90
3 0 98
4 0 44
5 0 94
6 0 32
7 0 51
8 0 57
9 0 74
10 0 69
11 0 21
12 0 63
13 0 26
14 0 47
15 0 97
16 0 82
17 0 97
18 0 10
19 0 9
20 0 98
21 0 26
22 0 84
23 0 68
24 0 46
25 0 61
26 0 46
27 0 20
28 0 84
29 0 68
30 0 69
31 0 38
32 0 80
33 0 87
34 0 81
35 0 92
36 0 67
37 0 56
38 0 52
39 0 39

// --- ARISTAS (NODO1 NODO2 PESO) ---
0 1 394.45
1 2 188.07
2 3 554.51
3 4 468.45
4 5 331.10
5 6 655.28
6 7 272.24
7 8 552.80
8 9 207.00
9 10 484.48
10 11 271.18
11 12 106.30
12 13 263.40
13 14 415.25
14 15 935.20
15 16 942.62
16 17 511.86
17 18 363.06
18 19 608.86
19 20 706.39
20 21 138.74
21 22 936.63
22 23 311.51
23 24 579.60
24 25 405.37
25 26 604.95
26 27 167.19
27 28 152.33
28 29 745.59
29 30 578.00
30 31 593.09
31 32 361.43
32 33 212.06
33 34 486.64
34 35 607.57
35 36 320.40
36 37 966.14
37 38 442.60
38 39 88.24
39 40 456.86
40 41 671.09
41 42 733.27
42 43 674.89
43 44 421.34
44 45 101.41
45 46 948.92
46 47 165.65
47 48 608.28
48 49 674.72
49 50 357.58
50 51 958.57
51 52 1049.92
52 53 757.41
53 54 462.32
54 55 300.13
55 56 293.48
56 57 448.22
57 58 972.19
58 59 729.75
59 60 667.83
60 61 802.19
61 62 33.24
62 63 433.97
63 64 195.56
64 65 84.31
65 66 416.52
66 67 411.54
67 68 298.14
68 69 367.64
69 70 310.90
70 71 636.27
71 72 717.72
72 73 103.32
73 74 898.65
74 75 833.38
75 76 760.11
76 77 415.38
77 78 228.47
78 79 288.05
79 80 751.11
80 81 127.91
81 82 1026.61
82 83 628.34
83 84 672.31
84 85 538.76
85 86 620.59
86 87 499.12
87 88 465.46
88 89 446.66
89 90 454.40
90 91 638.68
91 92 377.02
92 93 309.27
93 94 553.18
94 95 824.63
95 96 187.97
96 97 551.37
97 98 493.41
98 99 686.03
46 2 1027.70
80 67 471.48
34 54 921.87
22 80 885.06
1 77 502.08
14 72 509.78
3 18 610.01
17 80 319.86
33 39 423.71
79 6 408.18
37 19 363.98
28 13 327.60
54 32 535.21
87 12 208.04
71 17 282.85
49 31 351.83
37 11 427.20
7 86 474.05
23 92 161.83
38 29 470.00
69 80 694.47
23 37 81.27
27 87 620.88
74 79 348.60
1 59 498.70
18 73 889.14
1 49 434.08
11 13 159.42
8 95 265.67
32 76 246.03
69 14 257.40
97 92 342.97
91 29 420.06
31 72 840.36
52 32 587.43
43 90 556.86
77 29 420.03
69 74 648.30
81 66 1005.93
35 84 348.50
74 42 834.91
16 45 559.46
22 56 679.51
64 42 445.22
51 57 478.91
